-37.878906
-19.381836
3.591797
42.563965
51.777832
54.721680
41.203613
-14.041016
-24.451660
-43.979980
-63.845215
-117.499512
-128.047852
-142.147949
-181.191406
-162.131836
-84.305176
-42.359863
-0.095703
74.373047
92.171875
96.001953
97.287109
110.544922
76.894531
84.522461
54.987793
10.915527
-25.494629
-101.073730
-109.721191
-82.892578
-57.770508
-8.378906
54.567871
61.708008
107.117188
142.476074
155.470215
130.779297
102.411133
123.441895
125.597656
101.972168
96.860352
44.940918
37.432129
16.353027
-42.492188
-27.118652
-10.014160
-31.052246
-66.972168
-63.222656
-88.044922
-129.649902
-85.097656
-19.395508
-27.812012
-80.908203
-67.770996
-47.189941
-22.537109
51.634277
94.302734
138.571289
151.610840
173.847656
137.223633
143.779297
131.211426
106.260742
63.811523
53.729492
-14.505371
-50.404785
-156.352539
-138.744629
-123.415039
-112.466309
-103.636230
-160.198242
-164.170410
-72.556152
-18.472168
37.432129
39.566895
71.399902
85.795898
101.129395
68.889648
13.389648
-60.424805
-117.164551
-130.428223
-125.365234
-102.648438
-40.475098
17.518066
73.089355
71.418945
59.605957
76.894531
49.122070
24.967285
18.416992
-14.913574
-3.782227
2.686523
10.503418
33.686035
58.765137
88.770020
107.545410
91.747559
68.446289
20.826172
8.032227
-2.646973
-18.581055
-72.792480
-108.543945
-116.773926
-133.538086
-113.530273
-65.041016
-12.426270
29.823242
63.580566
37.106445
15.966309
-4.647461
-32.816895
-106.049316
-112.057617
-65.341797
-16.978027
32.403320
45.314941
100.819824
116.799805
117.644043
50.221680
6.252441
-16.315918
-45.402344
-102.537598
-138.926270
-86.404297
-57.040039
-38.156738
-2.460938
-4.278809
-20.889648
-42.395020
-43.597656
-71.520508
-104.236816
-85.938477
-85.810547
-58.695313
-40.803223
10.791016
54.167480
77.787598
73.136230
59.124512
33.060059
30.671387
29.562988
38.892578
-5.392090
15.013184
-8.062988
-52.165039
-57.642090
-71.170410
-55.445313
-30.734863
-8.613770
-12.317871
-15.409180
-21.176758
-34.713867
-44.278809
-13.626953
13.428711
-9.426270
9.663574
12.460449
-20.837402
-20.511719
-40.755371
-47.468262
-71.762207
-77.458008
-117.127930
-104.926758
-25.854492
25.570801
87.518066
143.577148
160.233887
124.736328
131.290527
99.511230
89.141602
71.069336
62.501465
29.418457
41.021973
44.654785
29.360840
-16.866211
-50.050781
-59.854980
-3.249023
3.497070
-5.376953
-24.522949
-0.828613
-29.497070
-23.767090
-1.378418
9.897461
43.221191
56.813965
27.880371
27.424805
21.475098
53.312500
40.487305
0.334473
-18.441895
-54.082031
-46.329102
-38.729980
-62.995117
-94.318848
-129.668457
-122.260254
-131.214355
-127.869141
-96.155762
-105.373535
-81.578613
-38.186035
16.604492
65.773926
85.280762
104.885742
18.185547
26.884277
11.183105
-16.676270
25.336426
29.027344
-19.686523
0.648926
19.571777
49.444824
68.806641
72.362793
23.277832
0.507324
-31.063965
-11.342285
-33.100586
-25.631836
30.570313
-1.773438
1.591797
9.185547
-5.237305
-14.947754
-13.182129
-26.551270
-71.599609
-81.504883
-51.702637
-47.205566
-68.876953
-90.794434
-66.940430
-19.604492
23.280273
31.922363
13.357422
-29.136230
-35.939941
-80.333984
-96.735840
-103.976074
-77.951660
-58.227539
-36.289063
-24.043457
-21.146484
16.243164
21.107422
11.266113
42.257324
108.773926
134.986328
82.719727
112.224609
160.520508
120.637695
126.853027
111.311035
70.009766
-3.760254
-37.410156
-77.466309
-91.316895
-124.103516
-63.984863
-26.986328
5.464844
34.920898
72.586426
68.219238
75.563477
55.591309
8.271973
28.360352
38.823242
77.926270
65.098633
28.284180
26.968750
8.176270
-44.465820
-71.774902
-73.807617
-77.426270
-116.095703
-133.149414
-134.603516
-148.157715
-128.139160
-95.062988
-5.154297
22.895996
57.197754
50.876953
21.890137
34.788086
77.533203
79.816895
24.901367
-0.958008
-36.765137
-81.406250
-84.350586
-32.936523
8.085938
40.338867
61.440918
94.237793
22.535645
17.213867
46.677246
46.702637
77.245605
12.679199
-35.872559
-82.437500
-53.242188
-6.751953
-39.053711
-25.386719
18.829590
-1.157715
-13.405273
12.184082
-35.016602
-71.300781
-109.114258
-118.421387
-121.177246
-105.078125
-30.055664
11.510742
39.058105
31.228027
-21.352539
-30.237305
4.549316
27.706055
32.553711
47.079590
82.969238
80.034668
43.080078
58.423340
66.769043
27.586914
6.996094
18.586914
17.318848
-21.405762
-39.025879
-56.580078
-71.000000
-77.760742
-47.630859
-40.471191
-21.280273
38.811035
78.794922
78.878418
52.140625
36.200195
37.947754
50.595703
89.670898
69.245117
31.316895
54.609863
58.475586
13.571777
-13.251465
-37.219727
-36.780762
-54.753418
-105.716309
-135.218262
-90.442383
-64.108398
-31.137207
6.104004
0.160645
-29.011230
-62.581055
-5.239746
13.153320
-2.171387
-4.938477
16.216797
-8.791016
51.574707
30.879395
68.510254
88.219238
60.713379
24.785645
32.050781
-2.201660
-0.102539
41.078613
59.309570
19.134766
-4.171387
21.374512
42.072754
55.428223
53.030762
46.009277
44.635742
-9.788574
-50.939941
-66.683594
-60.438965
-69.503906
-55.358887
-83.065430
-73.159668
-86.872070
-91.144531
-89.208008
-100.185547
-85.943848
-33.554688
-12.922363
59.629883
88.283691
78.365234
36.674316
32.098633
29.571777
6.313965
7.291504
-3.805176
13.646484
22.145996
-8.176758
26.409180
28.577148
38.886719
45.248047
57.385254
61.352539
38.001465
53.516602
82.237793
22.556641
5.386719
31.582031
33.300293
54.436035
77.477539
98.006348
79.217773
61.713379
6.704102
-9.430664
-27.184570
-18.381836
-46.105957
-82.936523
-75.172363
-71.997070
-37.072266
-1.202637
20.547363
-0.418945
6.797852
13.650391
10.796387
20.046875
26.136719
18.043945
-7.931641
-36.475098
-14.705566
-26.861816
19.381836
13.696289
37.238281
10.184082
-26.565430
-62.848145
-101.744141
-117.627930
-117.832520
-94.470703
-50.576172
1.864746
19.860352
53.726563
42.324219
66.506836
33.397461
46.772949
13.771973
-11.351563
-25.949219
9.583984
34.003418
54.258301
23.874512
13.368652
-3.635254
-26.312988
-40.897461
-55.598145
-88.880859
-129.501465
-106.692871
-115.386230
-107.219238
-87.095215
-70.103516
-12.730957
32.893066
33.150391
45.797363
52.534180
38.946289
77.948242
63.481445
23.266602
59.440430
112.163574
115.281250
98.867188
75.805176
64.793945
-20.716309
-51.856934
-55.581543
-47.166992
-27.362793
-45.828613
-75.783691
-77.828125
-107.817383
-112.114258
-116.925293
-98.976563
-50.095703
-0.698730
4.392578
19.816895
-6.334473
-16.155273
13.760254
62.856445
110.123047
91.447266
30.068848
40.541504
57.944824
30.520996
14.452148
-13.796387
-23.654785
1.874512
46.174805
0.336914
23.183105
0.379395
-10.714355
-23.878418
-12.367188
-32.714355
-2.503906
-44.002930
-60.712402
-61.480469
-111.773438
-121.118164
-58.449707
-30.755371
8.801758
-44.543945
-97.909668
-101.631348
-149.271973
-167.133301
-145.106445
-147.037109
-118.697266
-55.004883
-78.108887
-68.824219
-44.725586
15.459961
73.193848
157.422852
182.936523
176.439453
235.674805
248.820801
243.399902
235.151367
147.129395
118.441406
86.126465
53.806641
-4.941895
-65.611816
-96.509766
-80.344727
-23.789063
25.020996
19.069336
-10.223633
-11.436035
-23.174805
11.066406
29.882813
-28.498047
-60.001465
-75.673340
-61.823730
-95.415039
-72.050781
-76.909668
-65.049805
-43.637207
-23.587891
28.491699
113.806152
98.357422
115.593262
120.041016
97.924805
66.231934
38.588867
36.720703
46.958496
53.900391
-14.914551
-24.969727
-43.341309
-44.937012
-4.663574
21.284668
57.016113
38.882324
-25.982422
-47.142578
-89.434082
-108.641602
-168.155762
-180.533203
-177.030762
-156.111816
-107.310547
-69.452148
-45.964844
-5.416992
46.150391
69.125488
157.566895
156.336426
91.920898
75.062012
104.743164
84.502441
94.640625
65.995117
32.784668
10.613281
17.447754
46.163574
20.489746
-37.161621
-27.547852
-3.585938
6.017578
-29.103516
-46.000977
-82.042480
-115.398926
-76.551758
-116.168945
-64.427734
-25.429688
15.465820
52.310059
62.261230
91.156250
114.308105
112.606934
97.294922
90.797852
98.697266
40.895508
22.556152
0.120605
-14.142090
-47.067383
-53.969238
-114.189453
-184.883301
-290.128418
-349.363770
-311.837891
-209.201172
-106.563965
2.268066
79.317383
116.990234
93.261230
95.009277
137.086914
143.674805
121.440918
110.051270
101.236816
89.116211
47.895996
52.983887
3.842773
-18.162109
-11.294922
31.291992
42.066406
26.143066
-56.769531
-48.901855
-81.268066
-102.200195
-138.186035
-162.654297
-224.770508
-238.166016
-235.339844
-167.357910
-79.369629
9.179199
36.104980
55.139648
101.018555
138.835938
179.169922
188.140137
189.951172
148.360352
169.121094
160.332031
137.392090
82.509277
6.202637
-39.670898
-33.735840
-36.591797
-65.970703
-67.975098
-18.079102
2.608887
18.348633
-17.940430
-43.396973
-59.101563
-77.179199
-54.282715
-38.263184
-30.818848
-30.862793
-41.729980
-28.446289
-2.041992
-28.114258
-51.491211
-66.391602
-59.430176
-32.882324
14.757813
47.750000
-6.958496
-0.640137
54.687500
50.721191
48.270996
73.632324
89.692871
71.901367
98.318359
87.226563
3.933594
-31.016602
-81.886230
-116.538574
-75.319824
-116.710449
-120.672852
-138.222656
-122.502930
-163.551758
-143.458008
-129.498047
-105.717285
-57.638184
6.808594
68.135254
69.433594
92.568848
112.837402
130.284180
166.674805
140.899902
113.944824
101.601563
121.900879
110.765625
40.091797
6.416504
-5.296875
-21.846191
-3.319336
5.016113
-49.587402
-47.843750
6.738281
-42.008789
-48.942871
-40.645020
7.284180
-28.178711
-63.386230
-112.633789
-146.379883
-138.634277
-73.751953
-54.463379
-37.927734
-33.333496
4.925781
63.263672
108.822754
130.589355
137.884766
119.928223
92.224121
66.703613
52.097656
73.214355
6.447754
-18.698730
-6.507813
6.234375
22.424805
-12.826660
-26.426758
17.889160
45.902832
48.398926
36.045410
-8.264648
-43.919922
-59.780762
-84.061523
-80.131836
-87.169434
-85.496582
-61.273438
-37.530273
-19.954590
5.005859
31.557129
12.245117
-16.522949
1.978516
38.590332
-9.999512
-14.098145
32.117676
72.975586
79.192383
21.484375
27.517090
47.768066
39.612305
-3.159180
-65.324219
-85.695801
-120.333008
-127.192383
-119.826172
-118.396484
-90.763672
-20.059570
28.491699
71.451172
117.724609
142.521973
166.972656
142.404785
142.876953
128.256348
72.614258
68.356934
35.519531
-21.401855
-40.809082
-47.471191
-23.059570
-6.082520
-72.703613
-94.061523
-124.804199
-161.154785
-156.800293
-181.364258
-160.801270
-118.185547
-90.050781
-36.146484
31.891602
77.565918
133.519043
172.903320
202.288574
138.075684
172.091797
140.824219
87.322266
25.443359
11.416992
6.359375
-26.051270
-17.012695
-11.890625
-50.620605
-72.960938
-107.439453
-99.713867
-88.166016
-47.131836
-112.491211
-132.315918
-123.484863
-97.848145
-46.285645
9.243164
32.600098
64.772461
50.669434
39.397461
68.487305
42.498047
62.588867
68.677734
62.286621
20.294922
31.634277
18.439941
-10.543457
-16.644043
47.525391
31.954102
15.584961
14.768066
-4.497070
-19.101563
-64.157715
-39.933105
-5.069824
-55.208496
-98.898926
-105.749512
-22.150879
12.223145
-2.779297
16.145508
-22.738770
-50.936035
-45.258789
18.984375
59.533203
54.532227
25.446777
27.396484
80.346680
17.893555
-15.631836
-48.715332
-56.148438
-53.193848
-42.860840
-70.744629
-71.564941
-61.003906
-38.356934
-38.277832
-60.001465
-70.312500
-114.509766
-86.987305
-14.132813
37.443848
62.987793
96.297852
67.597168
26.124512
7.034180
20.909180
21.359375
27.821777
11.152832
3.093750
22.304688
65.463379
72.007324
6.624023
-30.872559
-17.833008
-16.935059
13.537598
46.945313
43.549805
21.708008
25.986328
34.736816
1.475098
-47.980469
-32.560547
3.153809
23.087402
36.322754
47.947754
52.209961
41.848633
46.599121
58.226563
89.904297
127.040039
72.857910
27.513184
-13.622070
5.403320
-24.061035
-36.134766
-40.229004
-56.268066
-10.034180
-22.996582
-52.906250
-138.473633
-213.446289
-180.397949
-172.265137
-104.855957
-70.665039
12.703125
78.709961
135.457520
136.453613
103.642578
119.234375
128.040039
82.488770
4.307129
-60.823730
-8.513184
-15.443359
1.968750
-46.417969
-82.482910
-93.810059
-83.205078
-19.802734
-19.855469
-36.237793
-60.038086
-76.810059
-68.169434
-65.888672
-60.654297
-23.096191
5.399414
28.236816
4.186523
-7.849121
-1.413574
63.795410
105.498535
93.232910
58.092773
-0.118652
30.770996
14.714355
22.333984
-4.611816
-3.695801
2.213379
23.333496
46.303711
41.641113
48.487793
37.869629
-31.701660
-68.874023
-8.717285
18.943359
61.452637
105.503418
127.286133
110.313477
117.733887
58.426270
6.139160
-36.903320
-94.256836
-133.678223
-102.736328
-107.215332
30.016113
97.245117
132.566895
143.150391
166.369629
168.170898
110.419434
119.423340
100.573730
95.598145
87.304199
83.374023
29.105957
-16.584961
-61.441895
-81.287109
-10.590332
-7.662598
4.464844
13.877930
11.473633
39.351074
27.325684
15.303711
-18.812500
-64.254883
-89.929688
-78.293945
-58.037598
-58.100098
-39.712891
15.144043
32.026855
20.136230
9.562012
5.319824
-13.510742
-6.876953
9.861328
1.417480
-10.337402
12.863281
43.951660
29.537109
5.705566
-45.414063
-113.471191
-135.343262
-161.943359
-168.285156
-149.433594
-114.792969
-82.517090
-24.843262
-26.116699
25.688965
42.333984
29.889648
40.147461
55.616211
45.706055
17.205078
38.555664
15.582520
-11.824707
26.366699
41.572754
36.618652
-16.829590
-18.655762
-30.483887
-40.110840
30.261230
-11.624512
-8.815430
-49.199707
-114.834961
-167.685547
-186.305176
-125.561035
-75.964355
6.376953
6.349121
22.953125
27.672363
10.137695
53.588379
65.471191
78.864746
95.486816
88.352051
63.877930
51.741211
4.184570
-58.721191
-23.603027
25.998047
28.578125
66.786133
63.593750
79.782227
53.393066
4.024414
-62.237793
-114.416016
-109.608887
-84.651855
-80.270996
-102.352539
-94.245117
-39.987793
12.185059
34.006348
40.242188
20.588867
58.210449
92.824219
105.354980
80.689453
77.780762
66.464844
65.532715
26.545898
0.730957
-55.006348
-52.846191
-33.434570
-12.676758
6.229492
5.443848
14.056152
17.468262
23.926270
25.957031
53.120605
25.647949
-7.657715
-35.723633
-36.965332
-57.802734
-41.889648
-44.480957
-52.245605
-91.563477
-118.454102
-133.312988
-138.086914
-144.763184
-153.664551
-84.350586
-36.461914
39.897461
90.311523
129.966309
106.657715
119.993652
95.888672
6.146484
-28.650879
-39.522949
-6.137695
20.355469
13.975586
-8.176270
-48.981445
-27.998047
-11.511230
-0.963867
30.793457
50.769531
10.936035
-22.616211
-47.610352
-22.372559
20.167969
46.493164
48.728027
57.007324
56.255371
84.671387
130.483398
51.326172
50.037598
11.358887
-16.592773
-21.212402
-31.651855
-39.971680
-64.036621
-73.385742
-73.065918
-67.850098
-45.158203
-63.426270
-17.972168
15.459473
33.855957
29.541504
39.848145
71.508301
100.057129
92.354492
74.950195
84.482910
65.833984
38.863281
53.096680
34.591309
3.409668
-37.416504
-25.232910
-1.154297
30.394531
-6.176270
-77.902344
-135.248047
-181.721680
-212.707031
-172.790039
-178.195801
-99.954590
-29.033691
42.281250
64.815430
82.708984
80.956055
114.020996
100.750488
143.075684
122.509766
121.503906
110.516602
94.647461
59.235352
38.012695
0.999023
7.837402
24.534668
-1.038086
-35.978516
-60.079590
-52.064453
-22.421875
-17.337891
37.555664
-22.452637
-48.750000
-78.120605
-155.981934
-210.003906
-223.469238
-245.530273
-189.717773
-110.400879
-19.568359
66.011719
121.815430
135.200684
101.542969
90.520020
95.813477
63.794922
58.982910
40.778809
-15.859863
-42.842285
-56.705078
-20.764648
-3.720703
1.273438
19.111816
11.302246
-14.973145
-38.174316
30.819336
30.974609
81.787598
31.258789
36.173340
71.378906
104.479004
80.204590
65.351074
41.784668
10.451172
39.303711
54.846680
70.293457
29.818359
16.937012
4.046387
15.912109
43.085938
-25.944336
-77.624023
-95.587891
-73.067871
-49.384277
0.167969
3.105957
-11.883789
-84.478027
-102.800293
-120.920898
-131.862305
-128.983887
-73.443848
-53.242676
-4.657227
57.039551
46.200684
26.353516
53.536621
43.997070
25.455566
25.436035
34.835938
0.922363
37.456543
14.086914
44.769531
44.488770
39.793945
19.042969
10.251465
38.113281
24.284668
49.621582
31.757324
-19.597168
-59.923340
-70.538574
-83.955566
-68.686035
-23.303711
-12.358398
53.235840
92.552246
86.918457
35.869629
31.823242
6.307617
-12.045410
-12.266602
0.905273
-4.716797
6.977051
12.484863
2.244141
11.215332
-0.690918
-12.531250
-36.481934
-55.184082
-44.847656
-41.151367
-30.983398
-20.929199
17.845703
40.321777
53.533691
18.642090
17.467285
25.236816
2.977051
-36.569824
-78.698242
-109.173828
-122.070801
-77.472168
-37.750488
3.480957
3.676758
14.700684
40.897949
18.981934
-21.302734
4.542480
33.215820
34.859863
23.165527
-19.826660
-90.290039
-151.984375
-190.534668
-195.985352
-216.004883
-175.573730
-136.209473
-74.351563
-28.327637
46.199219
95.955566
122.229980
183.438477
143.812500
111.541992
127.508301
124.859863
99.769531
88.779785
77.007813
62.594238
38.726074
-15.409180
-27.164551
-17.871582
3.317383
-9.785156
-24.910645
-47.408203
-23.539063
-20.174805
12.379883
4.339355
10.946289
8.352539
9.102051
25.689941
12.935547
47.583496
31.194824
8.117676
-32.728027
-63.070801
-95.979004
-119.672852
-71.455078
-38.229980
-34.280762
-35.743164
-26.152832
-39.791504
-47.417969
-20.361816
38.973145
44.108398
13.290527
23.517578
33.655762
80.354004
111.039551
146.696289
145.223633
113.612305
110.675293
95.464355
17.765625
-18.491699
-47.611328
-46.492188
-41.849121
0.961426
23.858887
21.548340
1.913574
-16.228027
-19.619629
-40.930664
-88.706543
-104.211914
-127.270996
-99.479004
-63.117188
7.109375
21.968262
56.334961
81.304688
81.055664
58.981934
33.032715
54.015625
26.567871
-21.481445
-35.069824
-37.522949
-38.491699
-50.157227
-44.486816
-1.817383
40.594727
71.320313
54.329590
7.310547
5.598145
27.751465
41.518555
2.982910
1.679688
0.794434
-11.532227
-0.050781
-22.730469
-29.142090
-72.016602
-51.662598
-18.861816
-30.277832
-49.651855
-33.359863
-11.502441
9.502441
36.289551
42.669922
20.991211
22.527832
39.536621
25.527832
-5.004395
-17.733887
-39.516602
-68.022461
-73.920898
-56.886230
-14.082031
-9.439941
-22.603027
10.587402
22.767090
14.405273
41.180176
36.961914
9.331055
42.935547
0.212402
-3.578613
-20.951172
8.411621
-16.248047
-62.749512
-68.164063
-47.541992
-20.365234
-17.931152
-22.032715
-67.619629
-35.599609
-42.750488
-23.018555
-26.025391
18.236328
-4.035645
-25.687988
-28.273438
-29.996094
4.836914
14.263672
66.728516
74.926270
91.817871
85.796387
81.562988
66.594727
48.611328
34.736328
61.343262
16.273926
-38.057129
-44.344238
-77.139648
-81.290039
-54.873047
-31.736328
-49.310547
7.814941
35.537598
52.802734
9.812012
-22.114746
-28.903809
-31.047363
-35.715820
-51.700195
-57.963379
2.806641
52.413086
29.325684
11.750000
25.528809
30.391602
13.569824
14.043945
0.360840
-23.393555
-14.907715
-10.208008
37.839355
42.567871
-19.424805
-36.679199
1.835938
65.921387
63.579590
42.117676
33.304199
42.295898
72.028809
59.826172
33.190430
-7.543945
-38.362793
-96.564453
-92.433594
-146.565430
-176.223145
-124.149414
-103.033203
-50.983398
9.077148
30.052734
52.381836
69.949707
60.589844
41.354004
30.603516
28.463867
23.745605
8.334961
-51.136719
-76.397461
-102.941895
-143.430664
-156.137207
-176.454590
-163.982422
-166.973145
-139.437500
-59.245117
-1.294922
32.131348
123.439941
136.933594
125.904785
109.099609
132.592773
132.501465
132.914551
144.902832
90.339355
90.770020
74.471191
7.379883
-5.333496
-30.220215
7.975586
34.556641
26.451660
-11.369141
-59.838867
-111.866699
-133.286621
-133.082031
-167.676270
-166.385742
-152.280762
-97.889648
-58.508789
-0.262207
63.848633
96.239258
128.260254
133.812012
114.600586
103.823242
142.232422
129.778809
68.432129
21.634277
28.208984
-31.840332
-65.988770
-65.061035
-40.804199
-9.173828
-14.602051
-26.727539
-18.241699
-43.339355
-18.552246
-53.127441
-33.852539
-16.644531
1.127441
-1.319824
-7.972168
-37.565430
-40.824219
8.111328
13.632813
4.128906
7.969727
54.014160
81.242188
88.207031
53.056152
-16.429688
-7.602051
-39.576660
9.169434
1.038086
-8.333496
-9.257324
36.823730
82.980469
48.071289
52.598633
50.154785
80.613770
49.557617
20.607422
1.454590
-16.262695
-29.601074
-81.381836
-68.110352
-79.732422
-85.749023
-58.527832
-56.656250
-39.765625
29.911133
43.204590
22.947754
53.083984
60.023438
81.866699
66.534668
69.583496
67.902832
76.156250
64.388672
67.812988
62.111328
48.813477
44.389160
5.614746
20.800293
3.295410
11.891113
-22.569824
-108.054199
-129.061523
-163.304199
-215.632324
-245.941406
-229.906250
-165.436035
-84.889160
27.227051
58.454102
137.901855
146.560059
117.779785
121.853516
113.352539
82.218262
52.712402
72.612793
53.583984
56.304688
42.423828
24.389648
6.294434
39.883301
41.645020
9.992676
2.713379
19.061523
3.202637
-48.474609
-105.190918
-154.948242
-199.406250
-259.208008
-280.734375
-245.323730
-185.901855
-87.727051
2.996094
84.888672
92.001953
125.863281
118.732422
146.330078
128.274902
91.550293
66.741699
54.941895
37.193848
17.555176
5.334961
12.318848
14.270020
7.855957
-19.152832
-16.125488
-62.967773
-111.758789
-120.233887
-61.878906
-6.485840
5.085938
-21.260254
-23.325684
-47.829590
22.885254
54.131836
30.632813
39.607910
4.437988
0.391602
-49.115234
-28.609863
-29.911621
-39.698242
16.156738
37.754395
29.522949
-9.789063
6.505371
3.058105
-43.955566
-12.039063
-0.397461
-2.300781
-4.656738
0.754883
18.125488
16.416016
24.666992
15.979492
33.840820
40.825195
-13.902832
-50.233887
-108.708496
-133.021973
-199.946777
-179.553223
-150.168945
-84.029297
-35.511230
-49.100586
-12.672852
12.174805
55.786133
109.590332
132.209961
110.875000
96.692383
102.418945
68.655762
76.807129
39.388672
60.980469
40.069336
19.958984
29.934570
-1.228516
-9.396973
-13.621582
7.041016
-51.307129
-95.127930
-114.308594
-88.299316
-42.570313
-26.453613
-51.738770
-25.513672
6.071777
-17.303223
-12.454590
15.652344
9.420898
33.992188
41.516602
25.594727
35.039551
30.297852
-0.317871
23.752930
41.105469
85.533203
23.690918
19.275879
24.070313
17.108398
2.780762
7.966797
27.130371
31.586426
12.883789
35.229980
28.127441
-1.317871
-1.700684
-11.976563
-33.218262
-91.410645
-126.188477
-106.000977
-118.651367
-124.243164
-133.062012
-115.698730
-60.895996
-11.099609
30.584961
95.170410
126.146973
121.629395
166.632324
156.223145
138.988770
94.058105
77.213867
64.519531
46.306152
-13.846680
-52.583496
-38.207520
-2.780273
-62.053711
-83.027344
-86.806641
-71.155762
-66.667969
-34.780762
-11.979004
34.618652
63.928711
31.375488
1.347168
9.318848
1.519531
10.854980
35.979980
45.827148
35.198730
31.152344
42.911133
13.646484
3.957520
-7.788086
-36.619141
-59.649414
-91.247070
-144.123535
-176.455566
-191.749023
-213.865234
-254.348145
-236.407227
-187.653320
-90.587891
-7.374023
75.545410
137.019043
133.516602
115.787598
114.831055
117.085938
93.343750
101.316406
73.112793
49.915527
76.181152
70.721191
46.188965
40.252930
35.121582
27.475098
34.842773
10.558594
0.084961
11.692871
40.393555
56.846680
40.685059
-13.658203
-55.152344
-95.812988
-131.271973
-143.250488
-202.797363
-212.931641
-172.811035
-115.077148
-61.490723
9.980957
52.844727
102.693359
154.756836
207.854980
217.061523
169.601563
159.867188
178.478027
149.877930
123.887207
113.829590
112.877441
71.913574
51.768555
-3.657715
-22.972656
-53.750000
-59.067383
-60.634766
-54.724609
-115.782227
-96.071289
-86.282715
-41.982422
-33.884277
-54.489258
-78.310547
-72.912109
-22.984375
28.685059
39.115723
7.922363
-11.821289
16.106934
15.513672
-29.645508
-49.986328
-35.879883
-48.369629
-37.560059
12.898926
55.628906
34.544922
16.673828
42.899414
28.823730
19.684570
35.888672
31.200684
32.093262
30.188477
40.750000
47.791504
4.926758
-22.543945
-20.310059
3.837402
33.857910
8.314941
-35.888672
-77.162109
-80.926758
-81.410645
-48.581055
-64.499023
3.665039
32.345215
21.800293
1.957520
-68.876953
-108.925781
-168.181641
-162.252441
-162.136230
-128.030273
-106.423340
-60.493652
-3.524414
34.900391
125.682129
137.310547
114.363770
105.000000
87.702637
105.151367
60.777832
64.332520
26.034668
9.037109
49.387695
64.166992
32.071777
18.640137
38.793945
58.067871
14.933105
-21.050781
-34.307617
-52.269531
-14.418457
18.516602
56.042480
86.958008
108.027832
77.473145
47.172363
13.257324
-0.733887
-15.933594
-28.889648
-24.718750
-34.013672
-14.725586
-24.539063
-33.093750
-9.982422
12.346191
14.335449
11.221191
11.104980
-19.302734
-12.295410
-12.094238
-28.320313
-48.919922
-47.842773
-35.970703
-48.791016
-101.666992
-90.328125
-93.166016
-120.195801
-77.544922
-66.725586
-64.679688
-56.502441
-53.807617
-47.987793
-34.721191
-22.945801
21.359375
62.710449
91.214844
89.210449
90.151855
87.467285
87.822266
66.875977
61.357910
56.001953
71.920410
36.207031
29.241699
27.166992
-23.920410
-66.986816
-110.616699
-167.387695
-208.304199
-227.298340
-225.586426
-251.131348
-207.732910
-168.833984
-98.023926
-25.554199
57.169434
118.065918
110.485352
92.851074
72.733398
70.892090
67.819336
46.884277
21.183105
9.030273
38.437988
59.451172
41.019531
54.718750
55.500488
3.979004
21.331055
-14.509766
-24.513184
-8.694336
12.246094
16.259277
-33.445313
-110.384766
-132.933105
-135.727539
-84.476074
-47.796387
-5.791992
47.142090
96.237793
84.676270
95.863281
108.156250
116.593750
106.024902
82.772949
26.999023
-51.610352
-40.280762
-6.411621
12.892578
8.873535
44.106445
55.039063
46.806641
-26.674805
-43.020020
-74.436035
-106.843262
-118.674805
-100.239258
-69.894043
-47.044922
-28.817383
-34.623047
-62.070313
-41.242188
-5.243652
-35.290527
-26.101563
-37.525391
-57.230469
-13.747070
17.056641
36.775879
55.687988
77.012207
91.853516
36.869141
58.935059
96.119629
84.422852
24.310059
51.498535
64.432617
86.098145
58.107422
37.748535
41.883301
37.282715
45.762695
47.449707
27.729492
-13.307617
-4.445313
33.038086
41.359375
10.713867
-16.653809
12.394531
24.273926
30.770508
-15.656250
-52.190918
-52.866699
-46.336426
-38.842773
-35.960449
-94.298340
-119.749023
-91.195801
-80.251465
-55.998535
-42.937988
30.341797
17.063965
-3.608887
-12.799316
-12.839355
21.093750
20.403809
64.058105
74.590820
69.940430
55.782227
89.885254
93.971680
21.253418
-30.220215
-26.700684
39.020996
49.270020
46.594727
32.167480
28.850586
48.314453
15.776855
-9.551758
-19.874512
-33.493652
-2.938965
4.521973
-11.740234
-19.580566
-42.094727
-59.876465
-14.115234
-24.034180
-24.601563
4.374023
34.298340
37.234375
51.196289
55.560059
37.608398
37.632324
5.574707
-2.437500
33.460449
30.052734
3.897949
-32.377930
-52.241211
-9.264160
25.314941
-3.030273
-31.338867
-68.685059
-98.075195
-141.228516
-169.903809
-156.744629
-133.683105
-79.189453
-56.907227
-1.083984
26.338379
41.279297
17.553223
31.276855
81.702637
50.152832
54.262695
14.379883
5.364746
16.738281
31.483398
53.204102
38.936523
27.811523
7.044434
42.654785
42.279297
-26.220703
-87.618164
-146.618652
-181.124512
-257.533691
-256.533691
-194.265137
-106.093750
-37.238770
50.728516
64.258789
102.514160
81.749023
64.757813
25.290039
-14.706055
-37.464355
-33.971191
-30.368164
28.495117
71.396484
83.851563
48.740723
57.144531
73.199219
55.237305
53.182617
48.861816
65.785645
45.176758
33.819824
116.052246
149.592285
131.973633
50.040039
8.103027
-26.152344
-25.053223
-50.561523
-38.684082
-6.854492
2.417969
-33.222656
-47.287109
-47.759766
-68.282715
-56.544922
-54.166016
1.038086
41.988770
61.831055
42.104980
26.696289
32.895508
5.654297
47.161133
69.833984
55.057617
56.106445
46.758301
-5.055664
-23.194336
-14.591797
-6.877930
7.504883
50.989746
61.744629
80.191406
38.038574
7.459961
-30.774902
-58.066895
-10.176758
11.836426
31.756836
51.121094
43.713379
33.883301
42.427246
17.317383
35.976074
34.498535
39.289063
62.675781
47.032715
18.458984
-24.944824
-58.459961
-75.852051
-119.040527
-124.544922
-133.542480
-158.782227
-109.788086
-44.478027
15.591797
56.828613
77.849121
117.667480
133.799316
117.064941
81.831543
45.458984
-4.701660
-2.390137
-27.256348
-63.499512
-46.184082
-78.335449
-85.491699
-105.520996
-114.945801
-95.670898
-67.442383
2.566406
48.461914
75.362793
62.690430
31.560059
34.807617
55.247559
82.044922
125.845703
123.309570
109.701660
60.850586
58.144531
54.627930
55.635742
60.281738
48.441895
56.483398
20.598145
-2.637207
-16.740234
14.978027
8.622559
28.662109
47.958984
46.072754
19.085938
39.402344
37.559570
26.637207
18.885742
4.777832
-3.012207
-22.958984
-13.361328
-34.830078
-50.502930
-56.123047
-61.455078
-90.363770
-104.249023
-114.513672
-40.094727
15.702148
19.195801
54.109863
70.582031
100.487793
114.347656
81.363770
43.945313
14.522461
-9.361816
-18.602051
-12.285645
-51.716309
-59.490723
-39.428223
-11.697754
25.520508
53.316406
80.539551
86.626953
95.028809
67.309082
58.458496
62.278320
42.295898
27.077148
22.370605
1.403320
-1.615723
-15.451660
-10.400879
-35.433105
-48.086914
-93.537109
-107.117676
-101.811035
-79.047363
-79.968262
-37.626465
-55.938477
-72.498535
-83.220215
-93.454102
-114.837402
-128.218750
-108.500488
-104.465820
-61.102051
-12.933594
26.467773
54.663086
44.158691
30.221680
15.983887
5.797852
-7.687988
-14.772949
30.367188
44.523926
45.859863
60.387207
70.921875
62.701660
56.793945
107.716309
86.833008
41.268555
42.858887
36.475098
24.760254
17.098633
35.673340
26.240723
32.552246
31.961426
34.121582
11.714355
-37.358398
-76.058105
-150.375488
-162.982910
-114.177734
-49.097656
-22.553711
2.841797
23.672363
49.105957
32.251953
67.950195
67.750000
45.207031
75.474609
75.010742
52.293457
39.020508
23.773926
16.286621
13.060059
-4.699707
49.793945
25.724121
-3.855469
-18.849121
0.213867
31.157227
86.090332
100.714355
42.104004
-1.514648
-48.500000
-121.156250
-154.513184
-143.374023
-128.057617
-137.650879
-175.731934
-205.173340
-161.708984
-97.370605
-82.770020
-24.262207
-47.660645
33.734863
55.095703
72.888672
72.629883
80.072754
37.469727
-39.291504
4.176758
-15.628418
-37.717773
-27.250488
-27.664063
-35.986816
-19.334961
14.630371
54.812988
77.427734
97.879395
93.324219
95.498047
59.333984
24.866211
-24.849121
-72.782715
-77.383301
-107.251953
-101.795898
-70.743652
-37.919434
-2.202637
59.931641
83.107910
82.290527
75.431152
52.226563
43.450684
32.353027
46.070801
73.062500
56.069336
56.863770
53.171875
43.168457
60.632813
13.073730
6.772949
3.634277
12.562500
25.171387
37.360840
16.757324
-28.181641
-51.419434
-33.274414
-37.907227
-22.735840
34.191895
31.027344
24.690918
68.277344
98.381836
79.065918
42.141602
13.511719
-40.743652
-47.731934
-60.686035
-66.235352
-96.239746
-119.567383
-150.816895
-114.161133
-127.770020
-104.736816
-76.529785
-95.893066
-45.500000
-9.508301
9.713379
-11.137207
6.012207
-13.167480
-23.747559
-0.631836
39.413086
23.307617
-6.011719
18.834473
16.103027
18.084961
24.656250
29.902832
29.514160
29.495117
64.228027
100.345215
76.925781
51.924805
58.052734
85.199707
73.845215
41.991211
-7.790039
-63.674805
-95.453613
-118.475098
-134.555664
-90.169434
-70.760742
-19.021973
33.663086
37.128418
53.785156
40.547852
40.726563
52.285156
0.322266
-30.141602
-57.702637
-19.387695
-3.624023
42.919434
85.860352
106.367676
116.840820
115.312012
83.546875
35.079590
10.072754
-46.862793
-26.166016
-26.771484
-1.949707
-10.946777
30.558105
21.783691
20.682617
-21.531738
-40.186035
-15.655762
-37.630371
-31.915527
-50.960938
-67.578613
-67.013672
-45.484863
-13.816895
-6.491211
-21.368164
-15.642578
-23.195313
-1.046875
38.250000
48.120605
4.977051
37.101074
57.415527
52.274414
10.912598
-21.904297
-45.780762
-21.972656
-30.357422
37.793457
13.986328
-0.889160
-3.157227
-37.002441
-93.511230
-65.799316
-51.923828
-48.082520
-34.381836
-37.871094
-27.970703
6.608887
7.861328
-5.461914
-18.754883
-29.189941
-7.117676
-15.456543
-28.306641
11.504883
27.999512
49.255371
30.610352
-7.506348
-37.758301
-38.974609
-44.986816
-38.807129
-24.051270
-51.738281
-9.446289
3.679199
3.796387
-14.737793
-47.522949
-42.837891
8.032227
-1.991699
-16.000488
-12.319824
11.060059
11.845215
32.663086
22.136719
24.421387
29.691406
67.036621
56.488770
63.512207
13.668457
30.525391
67.098145
52.523926
33.002930
-12.852539
-41.411621
-32.544922
0.046387
-14.643555
21.477539
13.316895
44.813477
2.702637
2.303223
-22.827637
-56.449219
-84.354492
-97.929199
-108.265625
-96.939453
-46.293945
19.266602
65.888672
92.249023
82.085449
67.697266
63.248047
74.211914
90.217285
50.480957
35.471680
47.355469
45.751465
17.098145
31.284668
32.209473
15.375000
29.772461
10.346680
1.162109
0.894531
-10.668945
0.297852
19.399414
10.128418
20.177246
-5.997070
-46.657227
-70.535645
-91.156250
-135.046875
-119.286621
-78.074707
-46.099609
-8.382813
-13.036621
-25.341309
-42.671387
-23.472168
-17.368652
4.730469
48.673340
99.213867
102.306641
105.011230
64.969238
53.997559
12.199707
28.975098
27.133301
20.604980
-0.400391
-0.788574
-19.117676
-48.161621
-57.856445
-51.063477
-36.301758
-32.560547
-45.193848
-8.097656
28.044922
6.455078
6.235352
2.147461
-30.583008
-66.355957
-78.531738
-51.184570
-16.779297
-2.989258
-18.711426
-2.303223
1.624512
-0.244141
-23.573242
-28.651367
-39.891602
1.728516
-7.474121
-7.899902
-2.830566
-1.081543
-22.110352
-8.475098
-26.168457
-28.169434
4.134277
32.218262
34.475098
27.888672
28.340820
19.575684
19.194336
15.507324
31.353027
0.134277
36.728027
29.194824
24.195313
55.969238
51.004883
60.327637
76.116211
61.090332
54.123535
9.934570
-32.363770
-55.553223
-42.131836
-92.611816
-93.946777
-59.301758
-79.990234
-113.381348
-133.222656
-130.836426
-89.737793
-35.231934
58.100586
68.558105
69.086426
116.046875
121.271484
114.165527
42.867188
6.987793
-3.927734
29.740234
78.089844
85.524902
49.099121
-1.350098
9.922363
2.271484
28.104980
11.839355
-36.286133
-16.528809
26.645508
75.783691
56.816895
33.458008
48.508789
30.690918
0.950195
-12.191895
-87.235840
-128.595215
-164.559570
-192.483887
-149.593262
-88.064941
-37.631836
-3.218262
40.416504
99.097656
131.037109
103.772949
54.484375
63.417480
54.736328
42.912109
37.496582
21.765137
2.204102
-7.444824
-2.315430
-14.192871
-45.845215
-78.271973
-97.949219
-69.573730
-43.625977
-40.597168
-52.848633
-28.581543
-10.670898
-1.015625
23.267578
13.962891
21.478027
-19.386719
1.180176
8.565430
-21.976563
-54.371094
-17.172852
9.088867
-8.001953
-21.929688
-14.964355
6.015137
-9.723145
-24.054199
13.480469
27.133301
32.874512
-41.671875
-33.048828
-4.009277
-11.396973
-6.166992
-26.947754
-4.061523
-39.472168
-33.451660
1.483887
5.793945
-7.488770
-17.260742
27.802734
17.936035
28.050781
56.873047
35.228027
-0.071289
-48.477539
-72.046875
-13.413574
-48.741699
-71.581543
-60.027344
-7.201660
49.058594
34.677734
8.222656
32.706055
22.192383
0.870605
57.290039
9.572266
52.856934
71.129883
46.242188
35.345703
16.138184
-7.225098
-20.096191
19.643555
37.546387
41.494629
-4.124512
-13.989258
12.748535
-14.814453
-7.491211
-10.903809
-9.596680
5.472168
-0.108887
-20.218750
-50.710449
-37.161621
-2.631836
5.957520
11.108887
1.494629
22.849609
39.709473
42.487305
43.729492
22.884277
41.349121
86.697266
68.308594
45.917969
54.004395
51.353027
-21.387207
-20.508789
15.407227
-29.777344
-29.743652
-31.380859
-35.560547
-70.635742
-75.561523
-110.859863
-107.500977
-58.783203
-3.181641
-4.019043
11.312012
55.336914
102.856934
115.736328
116.621582
114.709473
110.696777
87.723633
62.418457
58.883301
87.283203
93.969238
70.363281
73.017578
76.115234
97.681641
104.055664
80.936523
72.816406
55.307617
82.186523
68.647461
44.822754
20.504395
9.382813
40.342773
20.626953
-7.307129
-43.418457
-75.231445
-50.953613
-54.268066
-86.396973
-136.803223
-138.782715
-96.182129
-80.461426
-67.406738
-37.732910
-11.270996
-1.979004
-10.899414
-39.572754
-37.519531
-27.037598
-26.819336
-0.868164
7.891602
23.309570
2.629395
-40.937012
-35.727539
-6.582031
-11.051758
-13.319336
-14.582031
-5.236816
-2.678711
-28.968750
-74.869629
-111.997559
-139.153809
-122.645996
-104.996094
-102.579590
-63.952637
-59.017578
-17.954590
1.087402
51.440430
83.386230
109.514648
103.192871
99.206055
109.104980
92.064453
51.224121
26.642090
-0.692383
-2.036133
-29.982910
-40.426758
-32.858887
-6.605469
-29.839355
-47.834961
-47.374023
-52.337402
-33.052734
-13.733887
-22.023926
-6.842773
-17.792480
-30.876465
-9.580566
-23.364258
34.764648
52.526367
46.450684
21.905762
-12.603027
-45.662109
-62.215820
-68.209961
-53.326660
-27.062012
-35.456543
-32.796387
-7.059570
30.250000
17.800293
4.125000
-24.244141
18.296875
57.571289
83.759277
47.920898
27.324219
-10.592773
-2.785645
33.523926
62.686523
67.892090
59.633789
36.547363
-13.838867
20.262207
57.993164
68.428711
45.139648
3.492676
11.723633
7.471191
5.798340
-33.866699
-65.062988
-67.536621
-40.012695
-27.844238
4.395508
8.059082
-11.127441
-38.611328
-45.717285
-43.996582
-20.894043
11.267090
31.384277
14.183594
0.591797
10.872070
5.595703
31.692871
57.902344
2.312500
12.883301
30.032715
17.607910
-1.525879
-18.421875
-14.570801
1.962891
-36.365723
-41.704102
-54.215820
-83.046875
-74.505371
-66.611328
-63.387207
-88.430664
-62.980957
-22.578125
-18.006836
35.216309
100.292969
116.713379
122.841797
116.291992
101.542480
88.740723
89.625000
104.663086
87.867188
91.820313
46.527832
3.990723
-39.113281
-28.564453
-95.686035
-118.019043
-170.859863
-190.353516
-199.985840
-152.047363
-116.145508
-45.858887
12.812988
26.099121
31.670898
2.065430
-23.843262
-24.721680
21.668945
35.052246
15.213379
14.312012
-21.080566
2.709961
15.109375
21.541992
22.387207
24.095703
41.893555
76.058105
63.300781
69.829590
66.947754
42.152832
-6.750977
-25.545898
-36.535156
-14.520996
-8.171875
-53.739258
-72.961914
-42.725098
-5.148926
-22.797363
-28.152832
-53.222656
-16.506348
17.665527
46.572754
30.899902
5.527832
48.170898
11.407715
21.464844
-2.334473
11.439453
-13.215332
-59.014648
-43.696777
-29.450684
-18.715332
24.192383
-17.837402
-64.990723
-108.343262
-123.888184
-157.672363
-121.964355
-60.999023
-18.632813
32.740723
24.020508
38.847168
3.383789
22.635254
-5.301270
5.286621
42.670898
34.721680
21.203613
50.869629
23.337891
-31.670898
-97.505859
-67.512207
-32.012207
-32.036133
-17.962891
-68.941895
-99.846191
-115.332031
-96.135254
-67.598633
-66.643555
-13.981934
38.790527
21.160156
23.678223
47.137695
59.075195
74.485840
59.366699
19.518066
-27.708984
-22.572754
4.012207
7.474609
-37.755371
23.483398
39.573730
21.782227
-13.425781
-10.840332
-12.534668
16.695313
-4.787598
-7.326172
-20.494629
-12.389648
16.311523
28.731445
-20.219727
-41.055664
-81.098145
-54.677246
-37.436523
-18.838867
-11.792480
-12.320801
-13.837402
-11.427734
36.599609
47.790527
57.655273
45.105469
60.465820
90.661621
88.010254
50.771484
60.750000
78.489746
50.535645
6.848633
-16.817871
-58.612305
-31.564453
13.511230
22.388672
30.682129
25.202148
50.987793
90.608887
81.101074
54.877930
-32.983887
-42.664063
26.853027
21.712891
2.820801
-3.725586
-16.013672
31.195313
37.107910
30.344238
-20.814453
-39.627930
11.038574
42.313965
46.452637
27.138184
-9.997070
-2.824707
-12.228027
21.884277
63.193848
34.440918
-49.456543
-76.296875
-72.244141
-57.999023
-25.177734
-7.036133
-38.809570
-61.479492
-60.559082
-29.656738
-25.072266
20.800781
5.394531
21.561523
15.834961
64.377441
73.911133
47.777832
25.662598
3.171875
13.229004
48.413574
3.073730
22.610352
4.630371
-29.552246
-64.488770
-93.494629
-60.937500
-67.239746
-57.094238
-43.317871
20.381836
54.570313
95.913086
93.572754
106.379395
87.957520
37.319336
36.698242
4.080566
-34.859375
-58.280273
-53.026855
-21.901855
-4.282715
-12.521973
-15.774902
-2.685547
16.368164
12.555664
48.609375
81.146484
75.297852
63.532227
72.929688
95.715332
61.867676
43.901367
20.255371
20.545410
21.399902
20.506348
-51.775879
-46.264648
-23.229492
-1.500000
4.997070
14.112793
-24.122070
-56.646484
-105.990723
-178.682617
-204.074219
-173.382324
-142.439941
-106.613281
-41.187012
31.223145
103.544922
124.993164
117.307129
145.055176
135.831055
125.250488
133.917969
132.515625
83.431641
49.522949
12.805176
22.645996
13.080078
-16.410156
-57.748535
-133.114258
-146.029785
-145.909668
-129.925781
-169.661621
-153.239258
-112.179688
-103.246582
-92.286621
-46.783691
7.285645
36.476074
76.560547
91.545410
84.927246
93.075684
94.856934
94.648926
93.533203
62.308105
28.929199
4.882813
11.318848
27.219238
25.516113
-15.417969
-58.572754
-81.249023
-118.330078
-177.845703
-220.992676
-190.465820
-166.836914
-123.943359
-39.898926
17.743652
45.772949
20.701172
54.447754
108.182129
134.892578
125.532227
125.882324
103.151855
70.389160
62.507324
46.828613
3.356445
-3.011719
-3.834961
-30.155762
-12.066406
5.949707
39.047852
42.067871
47.265625
19.579102
-34.892090
-88.397949
-70.707520
-69.117676
-27.216797
-36.935547
3.187012
8.854980
-31.176270
-27.045898
-22.909668
-16.916016
1.897461
-10.617188
-34.787598
-70.078613
-60.960938
-58.502441
-25.035645
-26.264160
-6.852051
-55.634277
-41.541504
3.007324
23.337402
27.345703
45.437988
53.009766
81.286133
33.305176
48.654785
63.512695
19.456543
-21.380371
15.214355
-20.486816
-33.407227
-19.703125
-0.246094
-15.479004
-57.787598
-23.228516
-12.756836
10.199707
38.474609
9.784180
-18.584473
-41.458496
-35.386230
-44.727051
-83.232910
-104.744141
-135.148926
-113.516602
-50.180664
-12.649414
22.370117
30.956055
25.349121
16.269043
18.353516
19.386719
32.373535
29.401855
15.982910
10.424316
13.147949
4.733398
4.745117
0.504395
54.290039
158.960449
103.680664
76.908203
88.775879
8.610352
-13.177246
-14.807617
18.004395
34.574219
20.482910
34.158691
34.158691
35.405273
13.466797
-21.610352
-19.692383
-50.003418
-38.730957
18.364746
22.862305
59.101074
48.159180
79.712402
69.102051
6.493164
11.801758
-9.232422
-59.591797
-35.448730
-13.506348
-22.526855
11.329102
41.276855
41.720703
13.835449
-5.422363
-40.875488
-65.889648
-101.217285
-119.443848
-63.610840
-10.683594
19.041992
36.979492
21.092285
-5.812988
-39.038574
-34.708008
-22.251465
-18.564453
-6.487793
9.051758
24.885742
53.687500
64.632324
73.272461
40.239746
-23.559570
-47.970703
-74.117676
-82.563477
-75.541504
-59.602539
14.167480
64.981934
90.011719
114.621582
62.219727
55.001953
49.515625
60.302734
25.334473
25.638184
-24.456055
-51.245117
-32.652344
-23.684570
-22.440430
-15.996094
1.939453
-33.054199
-64.481445
-103.762695
-148.492676
-160.944824
-153.225586
-112.676758
-55.168457
7.375000
40.716797
28.993652
1.068848
-13.939453
-54.244629
-33.780273
-95.182617
-102.112793
-34.670410
4.236328
74.143555
124.707520
128.375977
110.095703
85.713867
10.288086
-37.186035
-47.618652
-75.590820
-65.090820
-67.975098
10.837402
44.413574
74.221680
70.952637
46.029297
34.624023
64.781738
18.320313
36.706055
79.938965
71.063965
